C++: 2.073696 s
Julia: 3.395881 s
C: 1.951618 s
Fortran: 1.672008 s
Java: 2.164574 s
Python: 37.099551 s
Javascript: 10.860694 s
R: 92.306113 s
