C++: 2.020832 s
Julia: 3.672706 s
C: 1.969661 s
Fortran: 1.665177 s
Java: 3.010304 s
Python: 37.519929 s
Javascript: 11.429075 s
R: 91.809205 s
