C++: 3.671382 s
Julia: 5.641538 s
C: 3.543584 s
Fortran: 2.548684 s
Java: 3.848238 s
Python: 32.953140 s
Javascript: 16.342541 s
R: 132.688246 s
