C++: 3.457973 s
Julia: 5.424218 s
C: 3.391200 s
Fortran: 2.442288 s
Java: 5.258041 s
Python: 32.224622 s
Javascript: 16.864630 s
R: 128.733517 s
